%YAML:1.0
---
camera_matrix: !!opencv-matrix
   rows: 3
   cols: 3
   dt: d
   data: [ 3574.7899975395749, 0.0, 2035.5162216399472,
           0.0, 3570.1522168951046, 1512.3941063924631,
           0.0, 0.0, 1.0 ]
dist_coeff: !!opencv-matrix
   rows: 1
   cols: 5
   dt: d
   data: [ -0.073959250184369399, 0.15749895129489391,
           -0.00021183318242317523, -0.00099856292005157175,
           -0.095662634873975388 ]
           
usechessboard: 0

