%YAML:1.0
---
world_rvec: !!opencv-matrix
   rows: 3
   cols: 1
   dt: d
   data: [ 1.3512107096592363e+00, -1.4956306250453970e+00,
       1.0990284467678491e+00 ]
world_tvec: !!opencv-matrix
   rows: 3
   cols: 1
   dt: d
   data: [ -5.2396179136695160e+00, 3.6697130583958657e+00,
       1.7774431171347924e+00 ]
